[ 1205.41357422   490.10400391  1679.          1001.77624512]
0.987425
bus
[ 212.29463196  710.70684814  436.60388184  867.88006592]
0.993577
car
[ 408.32577515  732.12567139  506.8576355   844.29083252]
0.92466
car
[ 698.8293457   714.65924072  770.68493652  776.0088501 ]
0.857277
car
[ 759.22314453  697.23443604  863.14306641  974.42523193]
0.993862
person
[ 1175.1463623    691.06793213  1231.00695801   848.92926025]
0.925954
person
[ 122.74562073  728.58178711  171.24742126  841.92004395]
0.922059
person
[  29.27381516  714.68829346   84.34216309  870.27911377]
0.803418
person

